Epoch: 0 Loss: 0.49900296456059384
Epoch: 0 TestLoss: 0.5020733098773396
